
And,800 804,804 801,801 784,801 27,27 36,36 14,36 35,35 40,35 36,36 51,51 76,51 62,51 45,45 43
Ant,394 380,380 357,357 349
Aps,493 552,552 560,560 566
Aql,681 677,677 674,674 666,666 651,666 678,678 689,678 666,666 652,652 647
Aqr,788 791,791 790,790 767,767 757,757 779,779 780,779 757,757 754,754 744,754 757,757 742,742 730
Ara,615 591,591 586,586 587,587 590,587 575,575 569,575 576,576 591
Aur,195 230,230 231,231 200,200 180,180 184,184 190,190 183,183 195
CMa,265 264,264 270,270 265,265 255,255 244,244 251,251 263,263 267,267 268,268 272,272 280,272 269,269 255
CMi,290 283
CVn,451 441
Cae,163 169,169 170
Cam,306 307,307 389,389 431,431 386,386 306,121 120,120 137,137 138,138 176,176 186,186 181
Cap,692 693,693 704,704 709,709 728,728 732,732 736,732 725,725 715,715 693
Car,247 260,260 299,299 308,308 344,344 374,374 384,384 388,388 371,371 342,342 360
Cas,69 56,56 44,44 37,37 19
Cen,412 417,417 405,405 426,426 423,423 436,436 444,444 445,445 464,464 472,464 486,464 469,469 467,467 466,466 458,466 475,466 470,470 484,484 497
Cep,802 729,729 722,722 750,750 776,776 802
Cet,93 84,84 95,95 105,105 106,106 93,93 87,87 82,82 66,66 55,55 50,50 39,39 58,58 73,73 66
Cir,505 489,489 511
Cnc,332 323,323 305,323 320,320 326
Col,243 240,240 227,227 220,220 228,220 212,212 196
Com,455 456,456 435
CrA,645 653,653 656,656 658,658 655,655 649
CrB,539 535,535 527,527 522,522 515,515 513,513 514
Crt,422 414,414 409,409 400,400 395,395 404,404 409,404 408,408 413
Cru,434 438,448 427
Crv,424 425,425 429,429 437,437 442,442 425
Cyg,669 682,682 694,694 705,705 717,705 694,694 700,694 673,673 668
Del,696 697,697 699,699 706,706 701,701 697
Dor,154 164,164 189,189 206,206 215,206 223
Dra,608 610,610 588,588 592,592 608,608 659,659 676,676 623,623 600,600 578,578 555,555 540,540 512,512 473,473 440,440 410,410 354
Equ,720 726,726 718,718 716
For,114 97,97 77
Gem,234 239,239 245,245 254,254 249,254 274,274 284,284 810,284 274,274 262,274 281,281 288,288 296,288 294,288 279,279 271,271 252,271 279,279 278,278 256
Gru,738 743,743 762,762 771,771 746,771 775,775 783,775 789,789 787
Her,577 583,583 609,609 598,609 583,583 565,565 561,561 550,561 565,565 564,564 558,564 577,577 582,582 604,604 611,611 617
Hor,104 108,108 90,90 86,86 92,92 100,100 152,152 150
Hya,328 327,327 314,314 315,315 319,319 328,328 331,331 343,343 355,355 348,348 362,362 370,370 379,379 391,391 411,411 420,420 457,457 474
Hyi,72 88,88 133,133 30,30 72
Ind,698 723,723 739,739 741,739 723,723 714,714 710
LMi,392 382,382 367
Lac,753 751,751 764,764 768,764 756,764 763,763 759,759 758,758 765,765 763
Lep,188 201,201 205,205 193,205 216,216 226
Lib,531 518,518 504,504 495,495 499,499 504,499 520,520 521
Lup,544 537,537 517,517 510,510 501,501 502,502 488,488 496,496 508,508 517,508 509,509 530
Lyn,346 345,345 338,338 334,334 309,309 282,282 266,266 241
Lyr,634 636,636 639,639 646,646 641,641 636
Men,236 203,203 178,178 185
Mic,724 721,721 712,712 708
Mon,250 246,246 257,257 275,275 248,248 238,248 275,275 291,291 303
Mus,447 443,443 453,443 439,443 430,430 415
Nor,556 551,551 541
Oct,773 481,481 733,733 773
Oph,595 574,574 559,559 546,546 549,549 563,563 579,579 602,602 595
Ori,213 218,218 194,194 204,204 199,199 207,207 225,225 232,232 237,237 235,235 224,224 233,233 237,237 232,232 225,225 213,213 209,209 204,204 199,199 172,172 174,174 177,177 182,177 174,174 172,172 173,173 179,179 187,187 192
Pav,695 702,702 727,702 686,686 635,635 603,603 618,618 625,625 640,640 688,688 702
Peg,748 772,772 785,785 14,785 786,786 26,26 14,26 786,786 770,770 749,749 734
Per,111 112,112 117,117 109,117 125,125 141,141 144,144 140
Phe,32 48,48 57,57 59,57 48,48 49,49 38,38 21,21 32
Pic,258 219,219 217
PsA,782 769,769 752,752 740,740 737,737 735,735 747,747 766,766 778,778 781,781 782
Pup,301 297,297 289,289 287,287 277,277 253,253 261,261 285,285 300,300 301
Pyx,316 321,321 329
Ret,153 155,155 143,143 147,147 127,127 153
Scl,46 807,807 794,794 799
Sco,543 553,553 538,553 536,553 557,557 562,562 570,570 571,571 573,573 580,580 596,596 605,605 601,601 594,594 589
Sct,638 633,633 632,633 626
Ser,584 597,597 599,599 624,624 643,525 526,526 533,533 525,525 516,516 524,524 529,529 528,528 584
Sex,383 368,368 363
Sge,684 675,675 671,675 672
Sgr,665 680,680 664,680 685,685 687,687 683,683 670,670 654,654 642,642 650,650 657,657 662,662 663,662 657,657 650,650 644,650 642,642 637,637 648,648 654,648 637,637 630,630 622,622 614,622 628,628 621
Tau,210 166,166 157,157 146,146 118,146 157,157 158,158 161,161 200
Tel,619 629,629 631
TrA,568 506,506 519,519 532,532 568
Tri,79 81,81 67,67 79
Tuc,760 755,755 793,793 809,809 29,29 33,33 793
UMa,465 459,459 449,449 428,428 421,421 416,416 403,403 811,403 416,416 399,399 377,377 375,377 399,399 416,416 421,421 396,396 397,397 428,397 352,352 312,312 361,361 396,361 353,353 336,336 333
UMi,85 593,593 567,567 523,523 494,494 507,507 548,548 523
Vir,460 454,454 812,812 450,450 463,463 460
Vol,335 311,311 302,302 276,276 273,273 292,292 302
Vul,660 667,667 679
